// floor
16            // wall length
8 -0.5 -8     // top right
-8 -0.5 -8    // top left
-8 -0.5 8     // bottom left
8, -0.5 8     // bottom right

// ceiling
16
8 0.5 -8
-8 0.5 -8
-8 0.5 8
8, 0.5 8

// exit door
2
6.5 0.5 -8
5.5 0.5 -8
5.5 -0.5 -8
6.5 -0.5 -8

// start
-5 0 7.9

// key location
1
-5 0.25 -5.5
-5 0.25 -4.5
-5 -0.25 -4.5
-5 -0.25 -5.5

// obstacles
numberOfObstacles 4

// speed boost
0
1
1.5 0.25 -5.5
0.5 0.25 -4.5
0.5 -0.25 -4.5
1.5 -0.25 -5.5

// score boost
1
1
3 -0.25 6.5
3 -0.25 7.5
3 0.25 7.5
3 0.25 6.5

// black hole
2
1
1.5 0.25 2.5
0.5 0.25 3.5
0.5 -0.25 3.5
1.5 -0.25 2.5

// fire
3
1
-0.5 -0.25 -7.5
-1.5 -0.25 -6.5
-1.5 0.25 -6.5
-0.5 0.25 -7.5

// walls
numberOfWalls 29

// outer walls
16
8 0.5 8
-8 0.5 8
-8 -0.5 8
8 -0.5 8

16
-8 0.5 -8
-8 0.5 8
-8 -0.5 8
-8 -0.5 -8

16
8 0.5 -8
-8 0.5 -8
-8 -0.5 -8
8 -0.5 -8

16
8 0.5 -8
8 0.5 8
8 -0.5 8
8 -0.5 -8

// inner walls
6
-6 0.5 2
-6 0.5 8
-6 -0.5 8
-6 -0.5 2

2
-4 0.5 6
-4 0.5 8
-4 -0.5 8
-4 -0.5 6

10
6 0.5 4
-4 0.5 4
-4 -0.5 4
6 -0.5 4

2
0 0.5 6
-2 0.5 6
-2 -0.5 6
0 -0.5 6

2
0 0.5 6
0 0.5 8
0 -0.5 8
0 -0.5 6

2
2 0.5 6
2 0.5 8
2 -0.5 8
2 -0.5 6

4
6 0.5 6
2 0.5 6
2 -0.5 6
6 -0.5 6

2
6 0.5 2
6 0.5 4
6 -0.5 4
6 -0.5 2

4
6 0.5 2
2 0.5 2
2 -0.5 2
6 -0.5 2

4
2 0.5 -2
2 0.5 2
2 -0.5 2
2 -0.5 -2

2
-2 0.5 2
-4 0.5 2
-4 -0.5 2
-2 -0.5 2

4
-2 0.5 -2
-2 0.5 2
-2 -0.5 2
-2 -0.5 -2

4
-4 0.5 0
-8 0.5 0
-8 -0.5 0
-4 -0.5 0

4
-2 0.5 -2
-6 0.5 -2
-6 -0.5 -2
-2 -0.5 -2

6
0 0.5 -4
0 0.5 2
0 -0.5 2
0 -0.5 -4

4
-2 0.5 -4
-6 0.5 -4
-6 -0.5 -4
-2 -0.5 -4

4
-2 0.5 -8
-2 0.5 -4
-2 -0.5 -4
-2 -0.5 -8

2
-6 0.5 -6
-6 0.5 -4
-6 -0.5 -4
-6 -0.5 -6

2
-4 0.5 -6
-6 0.5 -6
-6 -0.5 -6
-4 -0.5 -6

2
2 0.5 -6
0 0.5 -6
0 -0.5 -6
2 -0.5 -6

2
2 0.5 -6
2 0.5 -4
2 -0.5 -4
2 -0.5 -6

4
6 0.5 -4
6 0.5 0
6 -0.5 0
6 -0.5 -4

2
8 0.5 -4
6 0.5 -4
6 -0.5 -4
8 -0.5 -4

6
4 0.5 -6
4 0.5 0
4 -0.5 0
4 -0.5 -6

4
8 0.5 -6
4 0.5 -6
4 -0.5 -6
8 -0.5 -6







